187
107
128
140
180
157
161
180
139
169
136
130
199
129
131
135
140
118
183
150
125
193
101
177
174
199
141
161
199
109
146
138
176
150
134
178
111
173
160
138
189
186
116
186
104
158
153
151
169
193
126
198
137
153
162
121
173
118
136
141
134
105
186
109
198
121
172
177
101
147
116
124
135
197
111
198
170
145
198
112
162
177
163
107
138
190
196
146
193
196
155
164
112
101
128
153
134
118
156
155
137
169
184
189
170
159
133
187
163
136
141
166
176
119
108
182
192
116
161
145
112
159
113
172
199
102
165
106
117
165
172
125
192
126
192
198
111
137
133
147
164
132
105
116
179
169
103
123
175
121
105
190
154
167
184
122
177
153
146
133
135
168
198
115
140
121
156
136
189
182
172
189
143
128
197
123
138
170
133
199
149
135
114
112
158
107
117
118
150
109
123
113
161
162
185
125
107
149
100
142
191
108
